Top 60 Sort By Count
Count    Total     Mean   Stddev     Min   P50.0   P99.0   P99.9     Max  2xx  3xx  4xx  5xx  TotalBytes   MinBytes  MeanBytes   MaxBytes  Request
  183  345.664   1.8889   3.2745   0.000   0.001  10.000  10.001  10.001   34    0  143    6       63094          0        344       3407  POST /login HTTP/1.1
   65    0.313   0.0048   0.0057   0.001   0.002   0.028   0.028   0.028   65    0    0    0      269614         31       4147      13064  GET /user/<num>/present/index/<num> HTTP/1.1
   64    3.240   0.0506   0.0419   0.012   0.034   0.210   0.210   0.210   64    0    0    0      303471       2207       4741      14632  POST /user/<num>/present/receive HTTP/1.1
   55    0.130   0.0024   0.0024   0.000   0.002   0.011   0.011   0.011   47    0    8    0       17850         42        324        390  GET /user/<num>/home HTTP/1.1
   47    1.302   0.0277   0.0085   0.002   0.025   0.054   0.054   0.054   46    0    1    0       90196         46       1919       1985  POST /user/<num>/gacha/draw/<num>/10 HTTP/1.1
   46    0.419   0.0091   0.0068   0.004   0.006   0.040   0.040   0.040   46    0    0    0      398715       8663       8667       8677  GET /user/<num>/gacha/index HTTP/1.1
   32  160.335   5.0105   3.6029   0.767   3.934  10.001  10.001  10.001   21    0   11    0      138828          0       4338       6712  POST /user HTTP/1.1
   28    0.140   0.0050   0.0019   0.003   0.004   0.011   0.011   0.011   28    0    0    0        6031        214        215        217  POST /user/<num>/reward HTTP/1.1
   20    0.140   0.0070   0.0024   0.001   0.007   0.012   0.012   0.012   19    0    1    0        5809         46        290        332  POST /user/<num>/card/addexp/<num> HTTP/1.1
   19    0.116   0.0061   0.0021   0.004   0.006   0.012   0.012   0.012   19    0    0    0       28405       1042       1495       4962  GET /user/<num>/item HTTP/1.1
   19    0.116   0.0061   0.0016   0.004   0.006   0.009   0.009   0.009   19    0    0    0        3275        171        172        197  POST /user/<num>/card HTTP/1.1
    4    0.267   0.0668   0.0374   0.002   0.089   0.091   0.091   0.091    2    0    2    0         417         47        104        160  POST /admin/login HTTP/1.1
    1    0.006   0.0060   0.0000   0.006   0.006   0.006   0.006   0.006    1    0    0    0         179        179        179        179  POST /admin/user/<num>/ban HTTP/1.1
    1    0.002   0.0020   0.0000   0.002   0.002   0.002   0.002   0.002    1    0    0    0           0          0          0          0  DELETE /admin/logout HTTP/1.1
    1    0.076   0.0760   0.0000   0.076   0.076   0.076   0.076   0.076    1    0    0    0       40021      40021      40021      40021  GET /admin/user/<num> HTTP/1.1
    1   28.704  28.7040   0.0000  28.704  28.704  28.704  28.704  28.704    1    0    0    0          18         18         18         18  POST /initialize HTTP/1.1
    1    0.005   0.0050   0.0000   0.005   0.005   0.005   0.005   0.005    1    0    0    0      118548     118548     118548     118548  GET /admin/master HTTP/1.1
    1    0.004   0.0040   0.0000   0.004   0.004   0.004   0.004   0.004    1    0    0    0          58         58         58         58  PUT /admin/master HTTP/1.1

Top 60 Sort By Total
Count    Total     Mean   Stddev     Min   P50.0   P99.0   P99.9     Max  2xx  3xx  4xx  5xx  TotalBytes   MinBytes  MeanBytes   MaxBytes  Request
  183  345.664   1.8889   3.2745   0.000   0.001  10.000  10.001  10.001   34    0  143    6       63094          0        344       3407  POST /login HTTP/1.1
   32  160.335   5.0105   3.6029   0.767   3.934  10.001  10.001  10.001   21    0   11    0      138828          0       4338       6712  POST /user HTTP/1.1
    1   28.704  28.7040   0.0000  28.704  28.704  28.704  28.704  28.704    1    0    0    0          18         18         18         18  POST /initialize HTTP/1.1
   64    3.240   0.0506   0.0419   0.012   0.034   0.210   0.210   0.210   64    0    0    0      303471       2207       4741      14632  POST /user/<num>/present/receive HTTP/1.1
   47    1.302   0.0277   0.0085   0.002   0.025   0.054   0.054   0.054   46    0    1    0       90196         46       1919       1985  POST /user/<num>/gacha/draw/<num>/10 HTTP/1.1
   46    0.419   0.0091   0.0068   0.004   0.006   0.040   0.040   0.040   46    0    0    0      398715       8663       8667       8677  GET /user/<num>/gacha/index HTTP/1.1
   65    0.313   0.0048   0.0057   0.001   0.002   0.028   0.028   0.028   65    0    0    0      269614         31       4147      13064  GET /user/<num>/present/index/<num> HTTP/1.1
    4    0.267   0.0668   0.0374   0.002   0.089   0.091   0.091   0.091    2    0    2    0         417         47        104        160  POST /admin/login HTTP/1.1
   28    0.140   0.0050   0.0019   0.003   0.004   0.011   0.011   0.011   28    0    0    0        6031        214        215        217  POST /user/<num>/reward HTTP/1.1
   20    0.140   0.0070   0.0024   0.001   0.007   0.012   0.012   0.012   19    0    1    0        5809         46        290        332  POST /user/<num>/card/addexp/<num> HTTP/1.1
   55    0.130   0.0024   0.0024   0.000   0.002   0.011   0.011   0.011   47    0    8    0       17850         42        324        390  GET /user/<num>/home HTTP/1.1
   19    0.116   0.0061   0.0021   0.004   0.006   0.012   0.012   0.012   19    0    0    0       28405       1042       1495       4962  GET /user/<num>/item HTTP/1.1
   19    0.116   0.0061   0.0016   0.004   0.006   0.009   0.009   0.009   19    0    0    0        3275        171        172        197  POST /user/<num>/card HTTP/1.1
    1    0.076   0.0760   0.0000   0.076   0.076   0.076   0.076   0.076    1    0    0    0       40021      40021      40021      40021  GET /admin/user/<num> HTTP/1.1
    1    0.006   0.0060   0.0000   0.006   0.006   0.006   0.006   0.006    1    0    0    0         179        179        179        179  POST /admin/user/<num>/ban HTTP/1.1
    1    0.005   0.0050   0.0000   0.005   0.005   0.005   0.005   0.005    1    0    0    0      118548     118548     118548     118548  GET /admin/master HTTP/1.1
    1    0.004   0.0040   0.0000   0.004   0.004   0.004   0.004   0.004    1    0    0    0          58         58         58         58  PUT /admin/master HTTP/1.1
    1    0.002   0.0020   0.0000   0.002   0.002   0.002   0.002   0.002    1    0    0    0           0          0          0          0  DELETE /admin/logout HTTP/1.1

Top 60 Sort By Mean
Count    Total     Mean   Stddev     Min   P50.0   P99.0   P99.9     Max  2xx  3xx  4xx  5xx  TotalBytes   MinBytes  MeanBytes   MaxBytes  Request
    1   28.704  28.7040   0.0000  28.704  28.704  28.704  28.704  28.704    1    0    0    0          18         18         18         18  POST /initialize HTTP/1.1
   32  160.335   5.0105   3.6029   0.767   3.934  10.001  10.001  10.001   21    0   11    0      138828          0       4338       6712  POST /user HTTP/1.1
  183  345.664   1.8889   3.2745   0.000   0.001  10.000  10.001  10.001   34    0  143    6       63094          0        344       3407  POST /login HTTP/1.1
    1    0.076   0.0760   0.0000   0.076   0.076   0.076   0.076   0.076    1    0    0    0       40021      40021      40021      40021  GET /admin/user/<num> HTTP/1.1
    4    0.267   0.0668   0.0374   0.002   0.089   0.091   0.091   0.091    2    0    2    0         417         47        104        160  POST /admin/login HTTP/1.1
   64    3.240   0.0506   0.0419   0.012   0.034   0.210   0.210   0.210   64    0    0    0      303471       2207       4741      14632  POST /user/<num>/present/receive HTTP/1.1
   47    1.302   0.0277   0.0085   0.002   0.025   0.054   0.054   0.054   46    0    1    0       90196         46       1919       1985  POST /user/<num>/gacha/draw/<num>/10 HTTP/1.1
   46    0.419   0.0091   0.0068   0.004   0.006   0.040   0.040   0.040   46    0    0    0      398715       8663       8667       8677  GET /user/<num>/gacha/index HTTP/1.1
   20    0.140   0.0070   0.0024   0.001   0.007   0.012   0.012   0.012   19    0    1    0        5809         46        290        332  POST /user/<num>/card/addexp/<num> HTTP/1.1
   19    0.116   0.0061   0.0021   0.004   0.006   0.012   0.012   0.012   19    0    0    0       28405       1042       1495       4962  GET /user/<num>/item HTTP/1.1
   19    0.116   0.0061   0.0016   0.004   0.006   0.009   0.009   0.009   19    0    0    0        3275        171        172        197  POST /user/<num>/card HTTP/1.1
    1    0.006   0.0060   0.0000   0.006   0.006   0.006   0.006   0.006    1    0    0    0         179        179        179        179  POST /admin/user/<num>/ban HTTP/1.1
   28    0.140   0.0050   0.0019   0.003   0.004   0.011   0.011   0.011   28    0    0    0        6031        214        215        217  POST /user/<num>/reward HTTP/1.1
    1    0.005   0.0050   0.0000   0.005   0.005   0.005   0.005   0.005    1    0    0    0      118548     118548     118548     118548  GET /admin/master HTTP/1.1
   65    0.313   0.0048   0.0057   0.001   0.002   0.028   0.028   0.028   65    0    0    0      269614         31       4147      13064  GET /user/<num>/present/index/<num> HTTP/1.1
    1    0.004   0.0040   0.0000   0.004   0.004   0.004   0.004   0.004    1    0    0    0          58         58         58         58  PUT /admin/master HTTP/1.1
   55    0.130   0.0024   0.0024   0.000   0.002   0.011   0.011   0.011   47    0    8    0       17850         42        324        390  GET /user/<num>/home HTTP/1.1
    1    0.002   0.0020   0.0000   0.002   0.002   0.002   0.002   0.002    1    0    0    0           0          0          0          0  DELETE /admin/logout HTTP/1.1

Top 60 Sort By Standard Deviation
Count    Total     Mean   Stddev     Min   P50.0   P99.0   P99.9     Max  2xx  3xx  4xx  5xx  TotalBytes   MinBytes  MeanBytes   MaxBytes  Request
   32  160.335   5.0105   3.6029   0.767   3.934  10.001  10.001  10.001   21    0   11    0      138828          0       4338       6712  POST /user HTTP/1.1
  183  345.664   1.8889   3.2745   0.000   0.001  10.000  10.001  10.001   34    0  143    6       63094          0        344       3407  POST /login HTTP/1.1
   64    3.240   0.0506   0.0419   0.012   0.034   0.210   0.210   0.210   64    0    0    0      303471       2207       4741      14632  POST /user/<num>/present/receive HTTP/1.1
    4    0.267   0.0668   0.0374   0.002   0.089   0.091   0.091   0.091    2    0    2    0         417         47        104        160  POST /admin/login HTTP/1.1
   47    1.302   0.0277   0.0085   0.002   0.025   0.054   0.054   0.054   46    0    1    0       90196         46       1919       1985  POST /user/<num>/gacha/draw/<num>/10 HTTP/1.1
   46    0.419   0.0091   0.0068   0.004   0.006   0.040   0.040   0.040   46    0    0    0      398715       8663       8667       8677  GET /user/<num>/gacha/index HTTP/1.1
   65    0.313   0.0048   0.0057   0.001   0.002   0.028   0.028   0.028   65    0    0    0      269614         31       4147      13064  GET /user/<num>/present/index/<num> HTTP/1.1
   20    0.140   0.0070   0.0024   0.001   0.007   0.012   0.012   0.012   19    0    1    0        5809         46        290        332  POST /user/<num>/card/addexp/<num> HTTP/1.1
   55    0.130   0.0024   0.0024   0.000   0.002   0.011   0.011   0.011   47    0    8    0       17850         42        324        390  GET /user/<num>/home HTTP/1.1
   19    0.116   0.0061   0.0021   0.004   0.006   0.012   0.012   0.012   19    0    0    0       28405       1042       1495       4962  GET /user/<num>/item HTTP/1.1
   28    0.140   0.0050   0.0019   0.003   0.004   0.011   0.011   0.011   28    0    0    0        6031        214        215        217  POST /user/<num>/reward HTTP/1.1
   19    0.116   0.0061   0.0016   0.004   0.006   0.009   0.009   0.009   19    0    0    0        3275        171        172        197  POST /user/<num>/card HTTP/1.1
    1   28.704  28.7040   0.0000  28.704  28.704  28.704  28.704  28.704    1    0    0    0          18         18         18         18  POST /initialize HTTP/1.1
    1    0.006   0.0060   0.0000   0.006   0.006   0.006   0.006   0.006    1    0    0    0         179        179        179        179  POST /admin/user/<num>/ban HTTP/1.1
    1    0.005   0.0050   0.0000   0.005   0.005   0.005   0.005   0.005    1    0    0    0      118548     118548     118548     118548  GET /admin/master HTTP/1.1
    1    0.076   0.0760   0.0000   0.076   0.076   0.076   0.076   0.076    1    0    0    0       40021      40021      40021      40021  GET /admin/user/<num> HTTP/1.1
    1    0.004   0.0040   0.0000   0.004   0.004   0.004   0.004   0.004    1    0    0    0          58         58         58         58  PUT /admin/master HTTP/1.1
    1    0.002   0.0020   0.0000   0.002   0.002   0.002   0.002   0.002    1    0    0    0           0          0          0          0  DELETE /admin/logout HTTP/1.1

Top 60 Sort By Maximum(100 Percentile)
Count    Total     Mean   Stddev     Min   P50.0   P99.0   P99.9     Max  2xx  3xx  4xx  5xx  TotalBytes   MinBytes  MeanBytes   MaxBytes  Request
    1   28.704  28.7040   0.0000  28.704  28.704  28.704  28.704  28.704    1    0    0    0          18         18         18         18  POST /initialize HTTP/1.1
  183  345.664   1.8889   3.2745   0.000   0.001  10.000  10.001  10.001   34    0  143    6       63094          0        344       3407  POST /login HTTP/1.1
   32  160.335   5.0105   3.6029   0.767   3.934  10.001  10.001  10.001   21    0   11    0      138828          0       4338       6712  POST /user HTTP/1.1
   64    3.240   0.0506   0.0419   0.012   0.034   0.210   0.210   0.210   64    0    0    0      303471       2207       4741      14632  POST /user/<num>/present/receive HTTP/1.1
    4    0.267   0.0668   0.0374   0.002   0.089   0.091   0.091   0.091    2    0    2    0         417         47        104        160  POST /admin/login HTTP/1.1
    1    0.076   0.0760   0.0000   0.076   0.076   0.076   0.076   0.076    1    0    0    0       40021      40021      40021      40021  GET /admin/user/<num> HTTP/1.1
   47    1.302   0.0277   0.0085   0.002   0.025   0.054   0.054   0.054   46    0    1    0       90196         46       1919       1985  POST /user/<num>/gacha/draw/<num>/10 HTTP/1.1
   46    0.419   0.0091   0.0068   0.004   0.006   0.040   0.040   0.040   46    0    0    0      398715       8663       8667       8677  GET /user/<num>/gacha/index HTTP/1.1
   65    0.313   0.0048   0.0057   0.001   0.002   0.028   0.028   0.028   65    0    0    0      269614         31       4147      13064  GET /user/<num>/present/index/<num> HTTP/1.1
   20    0.140   0.0070   0.0024   0.001   0.007   0.012   0.012   0.012   19    0    1    0        5809         46        290        332  POST /user/<num>/card/addexp/<num> HTTP/1.1
   19    0.116   0.0061   0.0021   0.004   0.006   0.012   0.012   0.012   19    0    0    0       28405       1042       1495       4962  GET /user/<num>/item HTTP/1.1
   55    0.130   0.0024   0.0024   0.000   0.002   0.011   0.011   0.011   47    0    8    0       17850         42        324        390  GET /user/<num>/home HTTP/1.1
   28    0.140   0.0050   0.0019   0.003   0.004   0.011   0.011   0.011   28    0    0    0        6031        214        215        217  POST /user/<num>/reward HTTP/1.1
   19    0.116   0.0061   0.0016   0.004   0.006   0.009   0.009   0.009   19    0    0    0        3275        171        172        197  POST /user/<num>/card HTTP/1.1
    1    0.006   0.0060   0.0000   0.006   0.006   0.006   0.006   0.006    1    0    0    0         179        179        179        179  POST /admin/user/<num>/ban HTTP/1.1
    1    0.005   0.0050   0.0000   0.005   0.005   0.005   0.005   0.005    1    0    0    0      118548     118548     118548     118548  GET /admin/master HTTP/1.1
    1    0.004   0.0040   0.0000   0.004   0.004   0.004   0.004   0.004    1    0    0    0          58         58         58         58  PUT /admin/master HTTP/1.1
    1    0.002   0.0020   0.0000   0.002   0.002   0.002   0.002   0.002    1    0    0    0           0          0          0          0  DELETE /admin/logout HTTP/1.1

TOP 37 Slow Requests
 1  28.704  POST /initialize HTTP/1.1
 2  10.001  POST /user HTTP/1.1
 3  10.001  POST /user HTTP/1.1
 4  10.001  POST /user HTTP/1.1
 5  10.001  POST /user HTTP/1.1
 6  10.001  POST /user HTTP/1.1
 7  10.001  POST /login HTTP/1.1
 8  10.000  POST /user HTTP/1.1
 9  10.000  POST /login HTTP/1.1
10  10.000  POST /login HTTP/1.1
11  10.000  POST /login HTTP/1.1
12  10.000  POST /login HTTP/1.1
13  10.000  POST /login HTTP/1.1
14  10.000  POST /login HTTP/1.1
15  10.000  POST /login HTTP/1.1
16  10.000  POST /login HTTP/1.1
17   9.920  POST /user HTTP/1.1
18   9.809  POST /login HTTP/1.1
19   9.803  POST /login HTTP/1.1
20   9.695  POST /login HTTP/1.1
21   9.679  POST /user HTTP/1.1
22   9.619  POST /login HTTP/1.1
23   9.539  POST /user HTTP/1.1
24   9.495  POST /login HTTP/1.1
25   9.247  POST /login HTTP/1.1
26   9.213  POST /login HTTP/1.1
27   9.057  POST /login HTTP/1.1
28   8.987  POST /login HTTP/1.1
29   8.361  POST /user HTTP/1.1
30   8.245  POST /login HTTP/1.1
31   7.723  POST /user HTTP/1.1
32   7.535  POST /login HTTP/1.1
33   7.504  POST /user HTTP/1.1
34   7.401  POST /login HTTP/1.1
35   7.316  POST /login HTTP/1.1
36   7.278  POST /login HTTP/1.1
37   7.180  POST /login HTTP/1.1
